0.0000 M123 0.14796 0.38331 -0.14429 0.14796 0.10190 -0.02435 0.14796 0.44359 -0.17013
1.7128 M123 0.80447 0.13617 0.52699 0.32250 0.06020 -0.22526 0.90772 0.15219 -0.66945
2.4628 M123 0.82544 0.75187 -1.32611 0.35395 -0.17473 2.16547 0.92616 -0.51388 -3.25083
2.4927 M123 0.84882 0.70960 -2.73098 0.34846 -0.10694 3.37098 0.91014 -0.61402 -3.72875
2.5227 M123 0.86795 0.58821 -3.13316 0.34755 0.02725 3.78030 0.88938 -0.73725 -3.02307
2.5527 M123 0.88408 0.52181 -1.48263 0.35010 0.11966 2.59225 0.86593 -0.79520 -1.27989
2.5827 M123 0.89925 0.49929 -0.58577 0.35473 0.18274 1.99648 0.84168 -0.81401 -0.48425
2.6127 M123 0.91403 0.48667 -0.41826 0.36106 0.23944 1.88558 0.81710 -0.82425 -0.32059
2.6427 M123 0.92844 0.47420 -0.41083 0.36909 0.29587 1.87443 0.79223 -0.83325 -0.27453
2.6727 M123 0.94248 0.46202 -0.39846 0.37881 0.35190 1.85879 0.76711 -0.84072 -0.22005
2.7027 M123 0.95616 0.45029 -0.38140 0.39020 0.40739 1.83848 0.74179 -0.84645 -0.15784
2.7327 M123 0.96950 0.43914 -0.35996 0.40325 0.46220 1.81342 0.71632 -0.85019 -0.08880
2.7627 M123 0.98251 0.42870 -0.25947 0.41793 0.51618 1.74890 0.69078 -0.85178 0.02234
2.7926 M123 0.99522 0.42357 0.15892 0.43422 0.56712 1.53953 0.66522 -0.84885 0.28564
2.8226 M123 1.00792 0.43823 0.59674 0.45196 0.60855 1.33296 0.63985 -0.83464 0.54666
2.8527 M123 1.02151 0.45938 0.49176 0.47074 0.64710 1.38616 0.61514 -0.81605 0.53444
2.8826 M123 1.03549 0.46774 0.18811 0.49079 0.69172 1.52650 0.59088 -0.80257 0.42739
2.9126 M123 1.04958 0.47066 0.06096 0.51224 0.73869 1.57495 0.56699 -0.79041 0.41249
2.9426 M123 1.06373 0.47140 -0.01925 0.53511 0.78622 1.59028 0.54346 -0.77782 0.42691
2.9726 M123 1.07786 0.46951 -0.11576 0.55941 0.83410 1.59703 0.52032 -0.76480 0.44189
3.0026 M123 1.09189 0.46445 -0.23369 0.58515 0.88203 1.59011 0.49758 -0.75131 0.45871
3.0326 M123 1.10573 0.45549 -0.37973 0.61233 0.92950 1.56200 0.47524 -0.73728 0.47952
3.0626 M123 1.11922 0.44167 -0.49249 0.64092 0.97575 1.49524 0.45334 -0.72254 0.52335
3.0926 M123 1.13222 0.42594 -0.72105 0.67087 1.01921 1.38817 0.43190 -0.70588 0.56430
3.1226 M123 1.14478 0.39841 -1.72843 0.70207 1.05903 1.15719 0.41099 -0.68869 0.54111
3.1526 M123 1.15612 0.32231 -3.01722 0.73438 1.08862 0.66013 0.39059 -0.67342 0.61548
3.1826 M123 1.16410 0.21749 -3.77429 0.76734 1.09861 -0.19154 0.37061 -0.65178 0.96904
3.2126 M123 1.16916 0.09602 -4.88560 0.80025 1.07715 -1.57444 0.35151 -0.61533 1.56204
3.2425 M123 1.16986 -0.07529 -6.43744 0.83190 1.00428 -3.53957 0.33374 -0.55817 2.41087
3.2725 M123 1.16465 -0.28952 -7.46790 0.86041 0.86519 -5.70199 0.31808 -0.47095 3.45169
3.3024 M123 1.15253 -0.52234 -7.67388 0.88369 0.66296 -7.60300 0.30554 -0.35155 4.46481
3.3323 M123 1.13340 -0.74872 -6.88518 0.90008 0.41027 -8.66445 0.29704 -0.20380 5.13335
3.3622 M123 1.10774 -0.93422 -5.02232 0.90824 0.14463 -8.15671 0.29335 -0.04447 5.07068
3.3922 M123 1.07749 -1.04922 -2.78833 0.90873 -0.07784 -6.31383 0.29438 0.09965 4.33876
3.4221 M123 1.04489 -1.10118 -1.07582 0.90357 -0.23350 -4.23813 0.29932 0.21540 3.43317
3.4521 M123 1.01148 -1.11369 -0.06256 0.89473 -0.33186 -2.62833 0.30730 0.30543 2.69932
3.4821 M123 0.97810 -1.10493 0.49158 0.88367 -0.39110 -1.63531 0.31764 0.37726 2.22024
3.5121 M123 0.94521 -1.08420 0.78998 0.87127 -0.42995 -0.99021 0.32992 0.43861 1.89618
3.5421 M123 0.91307 -1.05754 0.89758 0.85787 -0.45050 -0.30555 0.34395 0.49101 1.58703
3.5721 M123 0.88176 -1.03036 0.88075 0.84425 -0.44828 0.32415 0.35938 0.53381 1.32460
3.6021 M123 0.85125 -1.00470 0.83443 0.83098 -0.43105 0.70525 0.37598 0.57048 1.16512
3.6321 M123 0.82148 -0.98029 0.80209 0.81838 -0.40596 0.90329 0.39361 0.60372 1.07345
3.6621 M123 0.79243 -0.95657 0.78624 0.80662 -0.37685 1.00554 0.41220 0.63489 1.01499
3.6921 M123 0.76409 -0.93312 0.78191 0.79577 -0.34563 1.05982 0.43170 0.66462 0.97223
3.7221 M123 0.73644 -0.90966 0.78528 0.78588 -0.31327 1.08886 0.45208 0.69322 0.93717
3.7521 M123 0.70951 -0.88600 0.79307 0.77698 -0.28030 1.10599 0.47330 0.72085 0.90544
3.7821 M123 0.68328 -0.86207 0.79969 0.76907 -0.24691 1.12666 0.49533 0.74755 0.87273
3.8121 M123 0.65778 -0.83802 0.80398 0.76216 -0.21270 1.15376 0.51815 0.77321 0.83834
3.8421 M123 0.63300 -0.81383 0.79646 0.75630 -0.17768 1.20874 0.54172 0.79785 0.79735
3.8721 M123 0.60895 -0.79023 4.99348 0.75150 -0.14018 11.46271 0.56602 0.82105 -10.41865
3.9021 M123 0.58559 -0.51423 12.03651 0.74789 0.51006 20.96543 0.59098 0.17275 -24.01292
3.9242 M123 0.57853 -0.20210 10.38417 0.76942 0.96178 11.70162 0.58407 -0.39696 -16.05451
3.9542 M123 0.57725 -0.04297 2.52955 0.79776 0.95683 0.32243 0.56874 -0.48241 -0.35044
3.9842 M123 0.57595 -0.05034 -0.52543 0.82683 0.98112 0.78775 0.55513 -0.41798 2.43512
4.0142 M123 0.57423 -0.07449 -1.13513 0.85662 1.00409 0.68028 0.54366 -0.33632 3.07956
4.0441 M123 0.57149 -0.11843 -1.74947 0.88706 1.02193 0.41816 0.53495 -0.23326 3.77342
4.0741 M123 0.56712 -0.17941 -2.17011 0.91791 1.02917 0.00297 0.52967 -0.11001 4.31282
4.1041 M123 0.56073 -0.24856 -3.63750 0.94877 1.02211 -1.28843 0.52835 0.02536 5.97574
4.1341 M123 0.55222 -0.39749 -6.27322 0.97919 0.95194 -4.74748 0.53119 0.24825 8.96600
4.1637 M123 0.53709 -0.62188 -6.15580 1.00558 0.74047 -7.80522 0.54306 0.55913 9.06864
4.1936 M123 0.51513 -0.76347 -2.87544 1.02322 0.48673 -7.44265 0.56457 0.78773 5.57985
4.2236 M123 0.49142 -0.79380 -0.29882 1.03469 0.29531 -5.52422 0.59019 0.89282 2.65027
4.2535 M123 0.46758 -0.78129 0.91362 1.04090 0.15595 0.10874 0.61805 0.94637 1.05400
4.2835 M123 0.44458 -0.73901 5.71294 1.04404 0.30195 11.93306 0.64693 0.95600 -5.52985
4.3076 M123 0.42733 -0.51832 7.53351 1.05512 0.72575 13.89911 0.66981 0.70980 -7.83500
4.3375 M123 0.41919 -0.35359 -0.29483 1.08675 1.00394 0.69713 0.68211 0.56428 2.80675
4.3673 M123 0.40624 -0.53397 -4.92677 1.11510 0.77028 -11.08140 0.70345 0.87482 8.08938
4.3969 M123 0.38752 -0.64647 -1.47266 1.13254 0.34732 -13.73543 0.73398 1.04536 2.18600
4.4266 M123 0.36789 -0.62064 1.58739 1.13563 -0.04439 -9.59959 0.76547 1.00345 -1.92910
4.4566 M123 0.35048 -0.55133 2.05377 1.12982 -0.22417 -3.65360 0.79388 0.92991 -1.63050
4.4866 M123 0.33482 -0.49748 1.79157 1.12218 -0.26344 -1.17159 0.82124 0.90569 -0.79554
4.5166 M123 0.32064 -0.44385 2.36866 1.11401 -0.29446 -2.54757 0.84821 0.88218 -2.04996
4.5466 M123 0.30820 -0.35541 7.95550 1.10452 -0.41622 -9.34293 0.87416 0.78275 -14.61393
4.5764 M123 0.29937 0.02997 14.23243 1.08916 -0.85113 -6.49698 0.89504 0.01257 -30.04275
4.6011 M123 0.30678 0.40805 10.53866 1.06127 -0.84591 6.45116 0.88127 -0.81522 -22.92392
4.6310 M123 0.32289 0.55037 2.76770 1.04624 -0.42680 9.26901 0.84755 -1.11689 -4.65082
4.6610 M123 0.33976 0.57354 0.76768 1.03572 -0.29138 4.06566 0.81436 -1.09297 0.85592
4.6910 M123 0.35730 0.59642 0.81735 1.02876 -0.18291 3.08357 0.78198 -1.06555 0.89032
4.7210 M123 0.37554 0.62257 0.01972 1.02474 -0.10640 -5.63986 0.75044 -1.03956 3.23967
4.7510 M123 0.39465 0.59760 -4.71319 1.02238 -0.52134 -16.59111 0.71961 -0.87116 12.04803
4.7738 M123 0.40757 0.42328 -6.86208 1.00287 -0.94667 -12.25791 0.70248 -0.48577 14.96735
4.8038 M123 0.41456 0.24888 -2.32317 0.97093 -1.06028 -1.73894 0.69845 -0.11436 6.75647
4.8338 M123 0.42250 0.28388 1.25375 0.93925 -1.05101 0.32340 0.69562 -0.08037 0.97737
4.8638 M123 0.43160 0.32410 1.42591 0.90787 -1.04088 0.36286 0.69363 -0.05572 0.66743
4.8938 M123 0.44195 0.36944 1.66744 0.87680 -1.02924 0.44038 0.69228 -0.04033 0.24073
4.9238 M123 0.45376 0.42414 2.07109 0.84611 -1.01446 0.62107 0.69121 -0.04128 -0.48476
4.9538 M123 0.46739 0.49369 2.54912 0.81594 -0.99198 1.00553 0.68980 -0.06941 -1.45686
4.9837 M123 0.48337 0.57704 2.97275 0.78661 -0.95415 1.81228 0.68705 -0.12865 -2.67571
5.0137 M123 0.50200 0.67194 3.17674 0.75872 -0.88332 3.46458 0.68209 -0.22984 -4.30428
5.0437 M123 0.52363 0.76737 0.66481 0.73369 -0.74667 1.38828 0.67329 -0.38645 0.69734
5.0736 M123 0.54791 0.71187 -8.27180 0.71404 -0.80007 -2.77700 0.65897 -0.18844 15.26923
5.0961 M123 0.56226 0.41633 -11.35935 0.69357 -0.87953 -1.36476 0.65965 0.30278 17.74610
5.1261 M123 0.56597 0.14537 -3.76280 0.66832 -0.83425 0.99887 0.67961 0.67379 6.44272
5.1561 M123 0.57098 0.19056 1.54622 0.64351 -0.81959 0.48280 0.70008 0.68936 0.48211
5.1861 M123 0.57740 0.23815 1.61365 0.61914 -0.80528 0.47859 0.72097 0.70272 0.41922
5.2161 M123 0.58527 0.28738 1.67596 0.59520 -0.79088 0.47903 0.74224 0.71451 0.36135
5.2461 M123 0.59464 0.33870 1.75577 0.57169 -0.77654 0.47381 0.76384 0.72440 0.28954
5.2761 M123 0.60559 0.39272 1.85965 0.54861 -0.76245 0.46098 0.78571 0.73188 0.19564
5.3061 M123 0.61821 0.45028 1.99803 0.52594 -0.74888 0.43794 0.80775 0.73614 0.06480
5.3361 M123 0.63261 0.51260 2.18833 0.50367 -0.73618 0.40162 0.82987 0.73577 -0.13224
5.3661 M123 0.64896 0.58157 2.46046 0.48177 -0.72479 0.35015 0.85190 0.72820 -0.45911
5.3961 M123 0.66750 0.66021 2.86851 0.46019 -0.71517 0.29266 0.87356 0.70823 -1.08090
5.4261 M123 0.68856 0.75364 3.44271 0.43887 -0.70723 0.32219 0.89438 0.66337 -2.44686
5.4561 M123 0.71269 0.86663 3.68012 0.41779 -0.69585 0.80123 0.91334 0.56154 -4.87928
5.4860 M123 0.74047 0.97408 2.50579 0.39719 -0.65928 2.15129 0.92802 0.37125 -7.75090
5.5159 M123 0.77094 1.01659 -8.25984 0.37835 -0.56726 8.37047 0.93555 0.09807 -11.17906
5.5457 M123 0.80117 0.48187 -18.69578 0.36331 -0.15999 13.09880 0.93390 -0.29611 -9.72437
5.6135 M123 0.75187 -0.90515 -6.67374 0.40554 0.64313 4.63887 0.87671 -0.41761 0.84312
5.6433 M123 0.72256 -0.92364 1.78208 0.42498 0.68707 1.48657 0.86984 -0.35797 -2.20552
5.6733 M123 0.69671 -0.79807 4.33711 0.44660 0.73195 0.91547 0.85529 -0.55046 -5.05296
5.7032 M123 0.67475 -0.66381 4.54778 0.46883 0.74188 0.06871 0.83686 -0.66058 -3.15485
5.7332 M123 0.65693 -0.52555 3.90544 0.49105 0.73607 -0.04969 0.81571 -0.73953 -1.79562
5.7632 M123 0.64325 -0.42974 2.40464 0.51296 0.73891 0.35669 0.79252 -0.76816 -0.26241
5.7932 M123 0.63114 -0.38128 1.53269 0.53538 0.75748 0.63676 0.76963 -0.75527 0.49380
5.8232 M123 0.62038 -0.33778 1.41469 0.55840 0.77711 0.65381 0.74720 -0.73853 0.58680
5.8532 M123 0.61088 -0.29640 1.35843 0.58201 0.79670 0.64630 0.72531 -0.72006 0.63517
5.8832 M123 0.60259 -0.25627 1.34036 0.60621 0.81589 0.62357 0.70400 -0.70042 0.65739
5.9132 M123 0.59550 -0.21598 1.38337 0.63096 0.83412 0.57681 0.68329 -0.68061 0.63573
5.9432 M123 0.58963 -0.17327 3.36261 0.65625 0.85050 -0.48199 0.66316 -0.66228 -0.63688
5.9732 M123 0.58510 -0.01423 10.74670 0.68200 0.80520 -7.65972 0.64355 -0.71882 -2.62701
6.0004 M123 0.58809 0.41276 13.72094 0.70261 0.44484 -12.13558 0.62238 -0.80865 -2.08910
6.0304 M123 0.61049 0.75936 6.19235 0.70562 0.11728 -4.89546 0.59710 -0.83128 0.00577
6.0604 M123 0.63365 0.78428 0.81573 0.70964 0.15113 1.14038 0.57250 -0.80831 0.77637
6.0904 M123 0.65755 0.80831 0.78760 0.71469 0.18570 1.16276 0.54860 -0.78470 0.79791
6.1204 M123 0.68215 0.83154 0.76723 0.72079 0.22089 1.17211 0.52542 -0.76043 0.82318
6.1504 M123 0.70744 0.85434 0.75366 0.72794 0.25603 1.17015 0.50298 -0.73530 0.85181
6.1804 M123 0.73341 0.87676 0.73543 0.73615 0.29110 1.18219 0.48130 -0.70932 0.87558
6.2104 M123 0.76005 0.89847 0.71189 0.74541 0.32696 1.21109 0.46042 -0.68277 0.89333
6.2404 M123 0.78732 0.91947 0.74279 0.75576 0.36377 1.11230 0.44034 -0.65572 0.95508
6.2704 M123 0.81522 0.94303 0.83834 0.76724 0.39370 0.84038 0.42107 -0.62546 1.07979
6.3004 M123 0.84390 0.96977 0.89590 0.77939 0.41419 0.61529 0.40281 -0.59094 1.19537
6.3304 M123 0.87340 0.99679 0.89798 0.79209 0.43062 0.46753 0.38562 -0.55374 1.29174
6.3604 M123 0.90371 1.02365 0.88734 0.80522 0.44224 0.26853 0.36958 -0.51343 1.41480
6.3904 M123 0.93482 1.05003 0.85676 0.81862 0.44673 -0.03445 0.35481 -0.46886 1.58860
6.4204 M123 0.96670 1.07505 0.77658 0.83202 0.44018 -0.51289 0.34146 -0.41813 1.84790
6.4504 M123 0.99931 1.09661 0.57615 0.84503 0.41596 -1.29133 0.32973 -0.35800 2.25191
6.4804 M123 1.03248 1.10961 0.09611 0.85698 0.36272 -2.55852 0.31998 -0.28305 2.88607
6.5104 M123 1.06585 1.10238 -1.25603 0.86678 0.26255 -5.14195 0.31276 -0.18494 4.10974
6.5403 M123 1.09856 1.03438 -5.96975 0.87271 0.05462 -10.96153 0.30889 -0.03677 6.67245
6.5701 M123 1.12766 0.74707 -13.69930 0.87009 -0.39085 -15.82327 0.31053 0.21305 8.46819
6.5995 M123 1.14294 0.22661 -16.19156 0.84981 -0.88124 -12.07821 0.32139 0.46436 6.29495
6.6293 M123 1.14085 -0.21032 -10.59594 0.81777 -1.10227 -3.93949 0.33809 0.58394 2.56542
6.6592 M123 1.13034 -0.40521 -4.40112 0.78395 -1.11558 0.34395 0.35628 0.61720 0.89918
6.6892 M123 1.11656 -0.47388 -1.43780 0.75091 -1.08158 1.24622 0.37508 0.63781 0.70945
6.7192 M123 1.10191 -0.49145 -0.32957 0.71907 -1.04082 1.37296 0.39454 0.65976 0.74418
6.7492 M123 1.08707 -0.49365 0.03191 0.68847 -0.99920 1.39149 0.41467 0.68246 0.75587
6.7792 M123 1.07229 -0.48954 0.17287 0.65912 -0.95733 1.40391 0.43548 0.70511 0.74312
6.8092 M123 1.05770 -0.48328 -0.08801 0.63103 -0.91497 1.54432 0.45697 0.72704 0.61512
6.8392 M123 1.04330 -0.49482 -0.62577 0.60422 -0.86468 1.81067 0.47910 0.74202 0.38197
6.8692 M123 1.02802 -0.52082 -0.49812 0.57916 -0.80635 1.81443 0.50149 0.74996 0.35867
6.8992 M123 1.01205 -0.52470 0.21629 0.55585 -0.75583 1.52589 0.52409 0.76354 0.56327
6.9292 M123 0.99653 -0.50784 0.58813 0.53381 -0.71480 1.35040 0.54730 0.78375 0.66790
6.9592 M123 0.98158 -0.48941 0.59254 0.51296 -0.67480 1.34092 0.57112 0.80361 0.63547
6.9892 M123 0.96717 -0.47229 0.54276 0.49332 -0.63434 1.36105 0.59552 0.82188 0.57903
7.0192 M123 0.95325 -0.45684 0.47677 0.47490 -0.59314 1.39267 0.62043 0.83835 0.51348
7.0492 M123 0.93976 -0.44368 0.38462 0.45773 -0.55078 1.44165 0.64582 0.85269 0.43398
7.0792 M123 0.92663 -0.43377 0.24783 0.44186 -0.50664 1.51945 0.67159 0.86439 0.33078
7.1092 M123 0.91373 -0.42881 0.02773 0.42734 -0.45962 1.65105 0.69768 0.87254 0.18151
7.1392 M123 0.90090 -0.43210 -0.37210 0.41428 -0.40758 1.90209 0.72394 0.87528 -0.07610
7.1692 M123 0.88781 -0.45113 -1.14097 0.40288 -0.34550 2.41866 0.75019 0.86797 -0.59828
7.1992 M123 0.87384 -0.50054 -1.93374 0.39355 -0.26249 3.00490 0.77601 0.83939 -1.23626
7.2292 M123 0.85779 -0.56710 -2.18383 0.38714 -0.16529 3.28087 0.80053 0.79383 -1.63783
7.2592 M123 0.83982 -0.63151 -2.43089 0.38364 -0.06573 3.63538 0.82362 0.74117 -2.23091
7.2892 M123 0.81992 -0.71289 -3.33703 0.38320 0.05274 4.73028 0.84498 0.66004 -4.01035
7.3191 M123 0.79711 -0.83145 -2.77018 0.38680 0.21769 4.92290 0.86318 0.50093 -5.37956
7.3489 M123 0.77023 -0.87875 -1.45995 0.39619 0.34716 4.14146 0.87495 0.33846 -5.12373
7.8051 M123 0.52389 -0.66952 1.38352 0.78020 0.85649 1.41974 0.63783 0.24465 -0.05798
7.8350 M123 0.50358 -0.62627 2.27796 0.80588 0.89961 1.78630 0.64666 0.24320 -1.31349
7.8650 M123 0.48636 -0.53295 3.07713 0.83412 0.96356 1.70973 0.65240 0.16585 -2.27827
7.8950 M123 0.47162 -0.44172 3.06335 0.86367 1.00214 1.07054 0.65660 0.10657 -1.88682
7.9250 M123 0.45987 -0.34926 2.45324 0.89421 1.02777 0.65206 0.65879 0.05270 -0.83376
7.9550 M123 0.45067 -0.29464 1.38920 0.92531 1.04123 0.37831 0.65976 0.05663 0.76525
7.9850 M123 0.44219 -0.26591 1.15542 0.95668 1.05047 0.30685 0.66219 0.09862 1.14935
8.0150 M123 0.43472 -0.22531 9.21989 0.98834 1.05964 -8.83922 0.66568 0.12559 -9.16885
8.0450 M123 0.42867 0.28719 17.11222 1.02026 0.52022 -21.56142 0.66972 -0.45140 -19.08433
8.0712 M123 0.44745 0.73719 9.29989 1.02142 -0.12828 -18.02416 0.64439 -0.94910 -8.84353
8.1011 M123 0.47025 0.74847 -0.51795 1.01171 -0.44013 -8.45795 0.61654 -0.86934 3.66005
8.1311 M123 0.49226 0.70607 -2.35741 0.99505 -0.63439 -6.05938 0.59236 -0.72987 5.72845
8.1609 M123 0.51246 0.60787 -4.06060 0.97382 -0.80242 -5.13530 0.57289 -0.52730 7.57530
8.1908 M123 0.52854 0.46341 -4.79049 0.94711 -0.94095 -3.40686 0.56089 -0.27730 8.07670
8.2207 M123 0.54019 0.32119 -4.31632 0.91751 -1.00626 -1.32879 0.55630 -0.04397 7.11801
8.2507 M123 0.54777 0.20494 -3.25002 0.88685 -1.02048 0.00814 0.55827 0.14894 5.62900
8.2807 M123 0.55247 0.12642 -2.11493 0.85635 -1.00576 0.69317 0.56523 0.29338 4.21264
8.3107 M123 0.55535 0.07813 -1.18282 0.82654 -0.97891 0.93733 0.57586 0.40154 3.13722
8.3407 M123 0.55715 0.05547 -6.10100 0.79763 -0.94954 5.58362 0.58932 0.48155 5.47800
8.3707 M123 0.55868 -0.28794 -11.47893 0.76957 -0.64389 11.82371 0.60475 0.73020 7.25427
8.3921 M123 0.54734 -0.53414 -10.76024 0.76024 -0.36581 12.40158 0.62368 0.86969 5.93802
8.7696 M123 0.31673 0.33759 3.30489 1.08925 0.39537 -1.33993 0.85606 -0.73753 -3.90013
8.7995 M123 0.32907 0.43878 2.53266 1.09994 0.34735 -1.06075 0.83080 -0.85331 -2.15252
8.8295 M123 0.34301 0.48914 2.24836 1.11005 0.33193 -3.47724 0.80494 -0.86614 -1.75947
8.8595 M123 0.35840 0.57360 1.22008 1.11985 0.13894 -13.65331 0.77885 -0.95878 -1.44795
8.8891 M123 0.37713 0.56304 -3.70776 1.11847 -0.47580 -19.26193 0.74790 -0.95366 5.87971
8.9175 M123 0.39122 0.36638 -11.56838 1.09326 -0.98162 -7.04086 0.72334 -0.63108 19.27028
8.9474 M123 0.39810 -0.12727 -16.45357 1.06087 -0.85203 14.14330 0.71182 0.19683 27.26196
8.9697 M123 0.38934 -0.49407 -11.15746 1.04565 -0.37346 18.63115 0.72586 0.79905 18.91005
8.9997 M123 0.37044 -0.61561 -1.58723 1.04689 0.07168 8.73169 0.75667 1.04020 4.49372
9.0297 M123 0.35240 -0.58932 0.78897 1.04995 0.15046 3.58181 0.78827 1.06868 1.02497
9.0597 M123 0.33508 -0.56828 0.83354 1.05592 0.28657 3.47446 0.82079 1.10169 0.10270
9.0896 M123 0.31839 -0.53947 0.95294 1.06708 0.35870 2.29814 0.85419 1.07512 -0.91712
9.8396 M123 0.28582 -0.05194 0.46323 1.05093 -0.15228 -0.52525 0.83274 -0.12426 -1.17087
11.7202 M123 0.14796 -0.06170 -0.00339 0.14796 -0.40414 -0.10632 0.14796 -0.30648 -0.07671
21.7202 M123 0.14796 0.00000 0.00617 0.14796 0.00000 0.04041 0.14796 0.00000 0.03065
21.7202 -